January 0001, 10, 0, 0, 31, 0, 7
February 0001, 10, 0, 0, 31, 7, 0
March 0001, 10, 0, 0, 31, 0, 0
April 0001, 10, 0, 0, 31, 0, 0
May 0001, 10, 0, 0, 31, 0, 0
June 0001, 10, 0, 0, 31, 0, 0
July 0001, 10, 0, 0, 31, 0, 0
August 0001, 10, 0, 0, 32, 0, 0
September 0001, 10, 0, 0, 32, 0, 0
October 0001, 10, 0, 0, 32, 0, 0
November 0001, 15, 5, 0, 21, 0, 0
December 0001, 15, 0, 0, 21, 0, 0
January 0002, 15, 0, 0, 21, 0, 0
February 0002, 15, 0, 0, 21, 0, 0
March 0002, 15, 0, 0, 21, 0, 0
April 0002, 15, 0, 0, 21, 0, 0
May 0002, 15, 0, 0, 21, 0, 0
June 0002, 15, 0, 0, 22, 0, 0
July 0002, 15, 0, 0, 22, 0, 0
August 0002, 18, 3, 0, 19, 0, 0
September 0002, 20, 2, 0, 17, 0, 0
October 0002, 20, 0, 0, 17, 0, 0
November 0002, 20, 0, 0, 17, 0, 0
December 0002, 20, 0, 0, 17, 0, 0
January 0003, 20, 0, 0, 17, 0, 0
February 0003, 20, 0, 0, 17, 0, 0
March 0003, 20, 0, 0, 17, 0, 0
April 0003, 20, 0, 0, 17, 0, 0
May 0003, 23, 3, 0, 15, 0, 0
June 0003, 25, 2, 0, 14, 0, 0
July 0003, 25, 0, 0, 14, 0, 0
August 0003, 25, 0, 0, 14, 0, 0
September 0003, 25, 0, 0, 14, 0, 0
October 0003, 25, 0, 0, 14, 0, 0
November 0003, 25, 0, 0, 14, 0, 0
December 0003, 25, 0, 0, 14, 0, 0
January 0004, 25, 0, 0, 14, 0, 0
February 0004, 27, 2, 0, 13, 0, 0
March 0004, 30, 3, 0, 12, 0, 0
April 0004, 30, 0, 0, 12, 0, 0
May 0004, 30, 0, 0, 12, 0, 0
June 0004, 30, 0, 0, 12, 0, 0
July 0004, 30, 0, 0, 12, 0, 0
August 0004, 30, 0, 0, 13, 0, 0
September 0004, 30, 0, 0, 13, 0, 0
October 0004, 30, 0, 0, 13, 0, 0
November 0004, 31, 1, 0, 12, 0, 0
December 0004, 35, 4, 0, 11, 0, 0
January 0005, 35, 0, 0, 11, 0, 0
February 0005, 35, 0, 0, 11, 0, 0
March 0005, 35, 0, 0, 11, 0, 0
April 0005, 35, 0, 0, 11, 0, 0
May 0005, 35, 0, 0, 11, 0, 0
June 0005, 35, 0, 0, 12, 0, 0
July 0005, 35, 0, 0, 12, 0, 0
August 0005, 36, 1, 0, 12, 0, 0
September 0005, 37, 2, 1, 10, 0, 0
October 0005, 38, 1, 0, 10, 0, 0
November 0005, 38, 0, 0, 10, 0, 0
December 0005, 38, 0, 0, 10, 0, 0
January 0006, 38, 0, 0, 10, 0, 0
February 0006, 38, 0, 0, 10, 0, 0
March 0006, 38, 0, 0, 10, 0, 0
April 0006, 38, 0, 0, 10, 0, 0
May 0006, 39, 1, 0, 10, 0, 0
June 0006, 41, 2, 0, 10, 0, 0
July 0006, 42, 1, 0, 10, 0, 0
August 0006, 42, 0, 0, 10, 0, 0
September 0006, 42, 0, 0, 10, 0, 0
October 0006, 42, 0, 0, 10, 0, 0
November 0006, 42, 0, 0, 10, 0, 0
December 0006, 42, 0, 0, 10, 0, 0
January 0007, 42, 0, 0, 10, 0, 0
February 0007, 42, 0, 0, 10, 0, 0
March 0007, 45, 3, 0, 10, 0, 0
April 0007, 46, 1, 0, 9, 0, 0
May 0007, 46, 0, 0, 10, 0, 0
June 0007, 46, 0, 0, 10, 0, 0
July 0007, 46, 0, 0, 10, 0, 0
August 0007, 46, 0, 0, 10, 0, 0
September 0007, 46, 0, 0, 10, 0, 0
October 0007, 46, 0, 0, 10, 0, 0
November 0007, 46, 0, 0, 10, 0, 0
December 0007, 46, 1, 1, 10, 0, 0
January 0008, 49, 3, 0, 10, 0, 0
February 0008, 49, 0, 0, 10, 0, 0
March 0008, 49, 0, 0, 10, 0, 0
April 0008, 49, 0, 0, 10, 0, 0
May 0008, 49, 0, 0, 10, 0, 0
June 0008, 49, 0, 0, 10, 0, 0
July 0008, 49, 0, 0, 10, 0, 0
August 0008, 49, 0, 0, 10, 0, 0
September 0008, 50, 1, 0, 10, 0, 0
October 0008, 52, 2, 0, 10, 0, 0
November 0008, 53, 1, 0, 10, 0, 0
December 0008, 52, 0, 1, 10, 0, 0
January 0009, 52, 0, 0, 10, 0, 0
February 0009, 52, 0, 0, 10, 0, 0
March 0009, 52, 0, 0, 10, 0, 0
April 0009, 52, 0, 0, 10, 0, 0
May 0009, 52, 0, 0, 10, 0, 0
June 0009, 53, 1, 0, 10, 0, 0
July 0009, 54, 2, 1, 10, 0, 0
August 0009, 55, 1, 0, 10, 0, 0
September 0009, 55, 0, 0, 10, 0, 0
October 0009, 55, 0, 0, 10, 0, 0
November 0009, 55, 0, 0, 10, 0, 0
December 0009, 55, 0, 0, 10, 0, 0
January 0010, 55, 0, 0, 10, 0, 0
February 0010, 55, 0, 0, 10, 0, 0
March 0010, 56, 1, 0, 10, 0, 0
April 0010, 58, 2, 0, 10, 0, 0
May 0010, 59, 1, 0, 10, 0, 0
June 0010, 59, 0, 0, 10, 0, 0
July 0010, 59, 0, 0, 10, 0, 0
August 0010, 59, 0, 0, 10, 0, 0
September 0010, 58, 0, 1, 10, 0, 0
October 0010, 58, 0, 0, 10, 0, 0
November 0010, 58, 0, 0, 11, 0, 0
December 0010, 57, 1, 2, 11, 0, 0
January 0011, 59, 2, 0, 10, 0, 0
February 0011, 60, 1, 0, 10, 0, 0
March 0011, 60, 0, 0, 10, 0, 0
April 0011, 60, 0, 0, 10, 0, 0
May 0011, 60, 0, 0, 11, 0, 0
June 0011, 60, 0, 0, 11, 0, 0
July 0011, 60, 0, 0, 11, 0, 0
August 0011, 60, 0, 0, 11, 0, 0
September 0011, 61, 1, 0, 11, 0, 0
October 0011, 61, 1, 1, 10, 0, 0
November 0011, 62, 1, 0, 10, 0, 0
December 0011, 62, 0, 0, 10, 0, 0
January 0012, 62, 0, 0, 10, 0, 0
February 0012, 62, 0, 0, 10, 0, 0
March 0012, 62, 0, 0, 10, 0, 0
April 0012, 62, 0, 0, 10, 0, 0
May 0012, 62, 0, 0, 10, 0, 0
June 0012, 63, 1, 0, 10, 0, 0
July 0012, 63, 0, 0, 11, 0, 0
August 0012, 64, 1, 0, 11, 0, 0
September 0012, 65, 1, 0, 10, 0, 0
October 0012, 65, 0, 0, 10, 0, 0
November 0012, 65, 0, 0, 11, 0, 0
December 0012, 65, 0, 0, 11, 0, 0
January 0013, 65, 0, 0, 11, 0, 0
February 0013, 65, 0, 0, 11, 0, 0
March 0013, 66, 1, 0, 11, 0, 0
April 0013, 66, 0, 0, 11, 0, 0
May 0013, 65, 0, 1, 10, 0, 0
June 0013, 66, 1, 0, 10, 0, 0
July 0013, 66, 0, 0, 11, 0, 0
August 0013, 66, 0, 0, 11, 0, 0
September 0013, 66, 0, 0, 11, 0, 0
October 0013, 66, 0, 0, 11, 0, 0
November 0013, 66, 0, 0, 11, 0, 0
December 0013, 67, 1, 0, 11, 0, 0
January 0014, 67, 0, 0, 11, 0, 0
February 0014, 67, 0, 0, 11, 0, 0
March 0014, 68, 1, 0, 11, 0, 0
April 0014, 68, 0, 0, 11, 0, 0
May 0014, 68, 0, 0, 11, 0, 0
June 0014, 68, 0, 0, 11, 0, 0
July 0014, 68, 0, 0, 11, 0, 0
August 0014, 68, 0, 0, 11, 0, 0
September 0014, 69, 1, 0, 11, 0, 0
October 0014, 69, 0, 0, 11, 0, 0
November 0014, 69, 0, 0, 11, 0, 0
December 0014, 70, 1, 0, 11, 0, 0
January 0015, 70, 0, 0, 11, 0, 0
February 0015, 69, 0, 1, 11, 0, 0
March 0015, 69, 0, 0, 11, 0, 0
April 0015, 69, 0, 0, 11, 0, 0
May 0015, 69, 0, 0, 12, 0, 0
June 0015, 70, 1, 0, 12, 0, 0
July 0015, 69, 0, 1, 12, 0, 0
August 0015, 69, 0, 0, 12, 0, 0
September 0015, 68, 0, 1, 11, 0, 0
October 0015, 68, 0, 0, 11, 0, 0
November 0015, 68, 0, 0, 12, 0, 0
December 0015, 68, 0, 0, 12, 0, 0
January 0016, 68, 0, 0, 12, 0, 0
February 0016, 68, 0, 0, 12, 0, 0
March 0016, 68, 0, 0, 12, 0, 0
April 0016, 69, 1, 0, 12, 0, 0
May 0016, 69, 0, 0, 12, 0, 0
June 0016, 69, 0, 0, 12, 0, 0
July 0016, 69, 0, 0, 12, 0, 0
August 0016, 69, 0, 0, 12, 0, 0
September 0016, 69, 0, 0, 12, 0, 0
October 0016, 69, 0, 0, 12, 0, 0
November 0016, 69, 0, 0, 12, 0, 0
December 0016, 69, 0, 0, 12, 0, 0
January 0017, 70, 1, 0, 12, 0, 0
February 0017, 70, 0, 0, 12, 0, 0
March 0017, 70, 0, 0, 13, 0, 0
April 0017, 70, 0, 0, 13, 0, 0
May 0017, 70, 0, 0, 13, 0, 5
June 0017, 70, 0, 0, 13, 1, 0
July 0017, 70, 0, 0, 13, 3, 0
August 0017, 70, 0, 0, 13, 1, 0
September 0017, 70, 0, 0, 13, 0, 0
October 0017, 71, 1, 0, 13, 0, 0
November 0017, 71, 0, 0, 13, 0, 0
December 0017, 71, 0, 0, 13, 0, 0
January 0018, 71, 0, 0, 13, 0, 0
February 0018, 71, 0, 0, 13, 0, 3
March 0018, 72, 1, 0, 13, 2, 1
April 0018, 73, 1, 0, 13, 1, 0
May 0018, 73, 0, 0, 13, 1, 0
June 0018, 73, 0, 0, 13, 0, 0
July 0018, 74, 1, 0, 13, 0, 0
August 0018, 74, 0, 0, 13, 0, 0
September 0018, 74, 0, 0, 13, 0, 0
October 0018, 74, 0, 0, 13, 0, 0
November 0018, 74, 0, 0, 13, 0, 3
December 0018, 74, 0, 0, 14, 2, 1
January 0019, 73, 0, 1, 14, 2, 0
February 0019, 74, 1, 0, 13, 0, 0
March 0019, 74, 0, 0, 14, 0, 0
April 0019, 75, 1, 0, 13, 0, 0
May 0019, 75, 0, 0, 14, 0, 0
June 0019, 75, 0, 0, 14, 0, 0
July 0019, 74, 0, 1, 14, 0, 0
August 0019, 74, 0, 0, 14, 0, 1
September 0019, 74, 0, 0, 14, 1, 2
October 0019, 74, 0, 0, 14, 0, 0
November 0019, 74, 0, 0, 14, 1, 0
December 0019, 74, 0, 0, 14, 1, 0
January 0020, 75, 1, 0, 14, 0, 0
February 0020, 75, 0, 0, 14, 0, 0
March 0020, 75, 0, 0, 14, 0, 0
April 0020, 75, 0, 0, 14, 0, 0
May 0020, 75, 0, 0, 14, 0, 1
June 0020, 76, 1, 0, 14, 2, 3
July 0020, 76, 0, 0, 14, 0, 0
August 0020, 77, 1, 0, 14, 0, 0
September 0020, 76, 0, 1, 14, 2, 0
October 0020, 77, 1, 0, 14, 0, 0
November 0020, 77, 0, 0, 14, 0, 0
December 0020, 77, 0, 0, 14, 0, 0
January 0021, 76, 0, 1, 14, 0, 0
February 0021, 76, 0, 0, 14, 0, 1
March 0021, 77, 2, 1, 14, 1, 2
April 0021, 77, 0, 0, 14, 2, 0
May 0021, 77, 0, 0, 14, 0, 0
June 0021, 79, 2, 0, 14, 0, 0
July 0021, 80, 1, 0, 14, 0, 0
August 0021, 80, 0, 0, 14, 0, 0
September 0021, 80, 0, 0, 14, 0, 0
October 0021, 80, 0, 0, 14, 0, 0
November 0021, 80, 0, 0, 14, 0, 0
December 0021, 80, 0, 0, 14, 0, 0
January 0022, 81, 1, 0, 14, 0, 1
February 0022, 81, 0, 0, 14, 0, 0
March 0022, 81, 0, 0, 14, 1, 0
April 0022, 82, 1, 0, 14, 0, 0
May 0022, 82, 0, 0, 14, 0, 0
June 0022, 82, 0, 0, 14, 0, 0
July 0022, 82, 0, 0, 15, 0, 0
August 0022, 82, 0, 0, 15, 0, 0
September 0022, 82, 0, 0, 15, 0, 2
October 0022, 82, 0, 0, 15, 1, 1
November 0022, 82, 0, 0, 15, 0, 0
December 0022, 83, 1, 0, 15, 1, 0
January 0023, 83, 1, 1, 15, 1, 0
February 0023, 83, 0, 0, 15, 0, 0
March 0023, 82, 0, 1, 15, 0, 0
April 0023, 81, 0, 1, 15, 0, 0
May 0023, 81, 0, 0, 15, 0, 0
June 0023, 81, 0, 0, 15, 0, 1
July 0023, 81, 1, 1, 15, 1, 1
August 0023, 81, 0, 0, 15, 0, 0
September 0023, 82, 1, 0, 15, 0, 0
October 0023, 84, 2, 0, 15, 1, 0
November 0023, 84, 0, 0, 15, 0, 0
December 0023, 84, 0, 0, 15, 0, 0
January 0024, 84, 0, 0, 15, 0, 0
February 0024, 84, 0, 0, 15, 0, 0
March 0024, 84, 0, 0, 15, 0, 2
April 0024, 85, 1, 0, 15, 1, 0
May 0024, 85, 0, 0, 15, 0, 0
June 0024, 85, 0, 0, 15, 1, 0
July 0024, 87, 2, 0, 15, 0, 0
August 0024, 87, 0, 0, 15, 0, 0
September 0024, 87, 0, 0, 15, 0, 0
October 0024, 86, 0, 1, 15, 0, 0
November 0024, 86, 0, 0, 15, 0, 0
December 0024, 86, 0, 0, 16, 1, 1
January 0025, 87, 1, 0, 15, 0, 2
February 0025, 87, 0, 0, 16, 1, 1
March 0025, 87, 0, 0, 16, 1, 0
April 0025, 88, 1, 0, 16, 0, 0
May 0025, 88, 0, 0, 16, 0, 0
June 0025, 88, 0, 0, 16, 0, 0
July 0025, 88, 0, 0, 16, 0, 0
August 0025, 87, 0, 1, 16, 0, 0
September 0025, 88, 1, 0, 16, 0, 0
October 0025, 88, 0, 0, 16, 0, 1
November 0025, 89, 1, 0, 16, 0, 1
December 0025, 89, 0, 0, 16, 1, 0
January 0026, 90, 1, 0, 16, 1, 0
February 0026, 90, 0, 0, 16, 0, 0
March 0026, 89, 0, 1, 16, 0, 0
April 0026, 89, 0, 0, 16, 0, 0
May 0026, 89, 0, 0, 16, 0, 0
June 0026, 89, 0, 0, 16, 0, 0
July 0026, 89, 0, 0, 16, 1, 1
August 0026, 89, 0, 0, 16, 0, 1
September 0026, 90, 1, 0, 16, 1, 0
October 0026, 92, 2, 0, 16, 0, 0
November 0026, 92, 0, 0, 16, 0, 0
December 0026, 91, 0, 1, 16, 0, 0
January 0027, 91, 0, 0, 16, 0, 0
February 0027, 91, 0, 0, 16, 0, 0
March 0027, 91, 0, 0, 16, 0, 1
April 0027, 92, 1, 0, 16, 0, 1
May 0027, 92, 0, 0, 16, 1, 0
June 0027, 93, 1, 0, 16, 1, 0
July 0027, 93, 0, 0, 16, 0, 0
August 0027, 94, 1, 0, 16, 0, 0
September 0027, 94, 0, 0, 16, 0, 0
October 0027, 94, 0, 0, 16, 0, 0
November 0027, 94, 0, 0, 17, 0, 0
December 0027, 94, 0, 0, 17, 0, 0
January 0028, 94, 0, 0, 17, 0, 0
February 0028, 95, 1, 0, 17, 1, 1
March 0028, 94, 0, 1, 17, 0, 0
April 0028, 94, 0, 0, 17, 0, 0
May 0028, 95, 1, 0, 17, 0, 0
June 0028, 95, 0, 0, 17, 0, 0
July 0028, 95, 0, 0, 17, 0, 0
August 0028, 95, 0, 0, 17, 0, 0
September 0028, 95, 0, 0, 17, 0, 1
October 0028, 95, 0, 0, 17, 0, 0
November 0028, 96, 1, 0, 17, 1, 1
December 0028, 96, 0, 0, 17, 0, 0
January 0029, 96, 0, 0, 17, 1, 0
February 0029, 97, 1, 0, 17, 0, 0
March 0029, 97, 0, 0, 17, 0, 0
April 0029, 97, 0, 0, 17, 0, 0
May 0029, 97, 0, 0, 17, 0, 0
June 0029, 97, 0, 0, 17, 0, 1
July 0029, 97, 0, 0, 18, 1, 0
August 0029, 98, 1, 0, 17, 0, 0
September 0029, 98, 0, 0, 18, 0, 1
October 0029, 99, 1, 0, 17, 0, 0
November 0029, 100, 1, 0, 17, 1, 0
December 0029, 100, 0, 0, 17, 0, 0
January 0030, 99, 0, 1, 17, 0, 0
February 0030, 99, 0, 0, 18, 0, 0
March 0030, 99, 0, 0, 18, 0, 1
April 0030, 100, 1, 0, 18, 1, 0
May 0030, 100, 0, 0, 18, 0, 0
June 0030, 100, 0, 0, 18, 0, 0
July 0030, 100, 0, 0, 18, 0, 0
August 0030, 102, 2, 0, 17, 0, 0
September 0030, 101, 0, 1, 18, 0, 0
October 0030, 101, 0, 0, 18, 0, 0
November 0030, 100, 0, 1, 18, 0, 0
December 0030, 100, 0, 0, 18, 0, 0
January 0031, 100, 0, 0, 18, 0, 0
February 0031, 100, 0, 0, 18, 0, 0
March 0031, 100, 0, 0, 18, 0, 0
April 0031, 100, 0, 0, 18, 0, 0
May 0031, 101, 1, 0, 18, 0, 0
June 0031, 101, 0, 0, 18, 0, 0
July 0031, 101, 0, 0, 18, 0, 0
August 0031, 100, 0, 1, 18, 0, 0
September 0031, 100, 0, 0, 19, 0, 0
October 0031, 100, 0, 0, 19, 0, 0
November 0031, 100, 0, 0, 19, 0, 0
December 0031, 100, 0, 0, 19, 0, 0
January 0032, 100, 0, 0, 19, 0, 0
February 0032, 101, 1, 0, 19, 0, 0
March 0032, 101, 0, 0, 19, 0, 0
April 0032, 101, 0, 0, 19, 0, 0
May 0032, 101, 0, 0, 19, 0, 0
June 0032, 101, 0, 0, 19, 0, 0
July 0032, 101, 0, 0, 19, 0, 0
August 0032, 101, 0, 0, 19, 0, 0
September 0032, 101, 0, 0, 19, 0, 0
October 0032, 100, 0, 1, 19, 0, 0
November 0032, 101, 1, 0, 19, 0, 0
December 0032, 101, 0, 0, 19, 0, 0
January 0033, 101, 0, 0, 20, 0, 0
February 0033, 101, 0, 0, 20, 0, 0
March 0033, 101, 0, 0, 20, 0, 0
April 0033, 101, 0, 0, 20, 0, 1
May 0033, 101, 0, 0, 20, 1, 0
June 0033, 101, 0, 0, 20, 0, 0
July 0033, 101, 0, 0, 20, 0, 0
August 0033, 102, 1, 0, 20, 0, 0
September 0033, 102, 0, 0, 20, 0, 2
October 0033, 102, 0, 0, 20, 0, 0
November 0033, 102, 0, 0, 20, 1, 0
December 0033, 102, 0, 0, 20, 0, 0
January 0034, 102, 0, 0, 20, 1, 1
February 0034, 103, 1, 0, 20, 0, 0
March 0034, 103, 0, 0, 20, 1, 0
April 0034, 102, 0, 1, 20, 0, 0
May 0034, 103, 1, 0, 20, 0, 0
June 0034, 103, 0, 0, 20, 0, 0
July 0034, 103, 0, 0, 21, 0, 0
August 0034, 104, 1, 0, 20, 1, 1
September 0034, 104, 0, 0, 21, 0, 0
October 0034, 104, 0, 0, 21, 1, 1
November 0034, 104, 0, 0, 21, 0, 0
December 0034, 105, 1, 0, 21, 0, 0
January 0035, 104, 0, 1, 21, 0, 0
February 0035, 105, 1, 0, 21, 0, 0
March 0035, 105, 0, 0, 21, 0, 0
April 0035, 105, 0, 0, 21, 0, 0
May 0035, 106, 1, 0, 21, 0, 0
June 0035, 106, 0, 0, 21, 0, 0
July 0035, 107, 1, 0, 21, 0, 1
August 0035, 107, 0, 0, 21, 1, 0
September 0035, 107, 0, 0, 21, 0, 0
October 0035, 107, 0, 0, 21, 0, 0
November 0035, 107, 0, 0, 21, 0, 0
December 0035, 108, 1, 0, 21, 0, 0
January 0036, 108, 0, 0, 21, 0, 0
February 0036, 108, 0, 0, 21, 0, 0
March 0036, 108, 0, 0, 21, 0, 0
April 0036, 108, 0, 0, 21, 1, 1
May 0036, 109, 1, 0, 21, 0, 0
June 0036, 109, 0, 0, 21, 0, 0
July 0036, 109, 0, 0, 21, 0, 0
August 0036, 108, 0, 1, 21, 0, 1
September 0036, 108, 0, 0, 21, 1, 1
October 0036, 108, 0, 0, 21, 0, 0
November 0036, 108, 0, 0, 21, 1, 0
December 0036, 108, 0, 0, 21, 0, 1
January 0037, 109, 1, 0, 21, 1, 0
February 0037, 109, 0, 0, 21, 0, 0
March 0037, 109, 0, 0, 21, 0, 0
April 0037, 109, 0, 0, 21, 0, 0
May 0037, 109, 0, 0, 22, 0, 0
June 0037, 110, 1, 0, 21, 0, 0
July 0037, 110, 0, 0, 22, 0, 1
August 0037, 110, 1, 1, 22, 1, 0
September 0037, 110, 0, 0, 22, 0, 0
October 0037, 110, 0, 0, 22, 1, 1
November 0037, 110, 0, 0, 22, 0, 0
December 0037, 110, 0, 0, 22, 0, 0
January 0038, 110, 0, 0, 22, 0, 0
February 0038, 109, 0, 1, 22, 0, 0
March 0038, 109, 0, 0, 22, 0, 0
April 0038, 109, 0, 0, 22, 0, 0
May 0038, 109, 0, 0, 22, 0, 0
June 0038, 109, 0, 0, 22, 0, 0
July 0038, 110, 1, 0, 22, 0, 1
August 0038, 110, 0, 0, 22, 0, 0
September 0038, 110, 0, 0, 22, 0, 0
October 0038, 110, 0, 0, 23, 1, 0
November 0038, 110, 0, 0, 23, 0, 0
December 0038, 110, 0, 0, 23, 0, 0
January 0039, 110, 0, 0, 23, 0, 0
February 0039, 110, 0, 0, 23, 0, 0
March 0039, 110, 0, 0, 23, 1, 1
April 0039, 110, 0, 0, 23, 0, 2
May 0039, 110, 0, 0, 23, 1, 0
June 0039, 110, 0, 0, 23, 0, 0
July 0039, 111, 1, 0, 23, 1, 0
August 0039, 111, 0, 0, 23, 0, 0
September 0039, 111, 0, 0, 23, 0, 0
October 0039, 111, 0, 0, 23, 0, 0
November 0039, 111, 0, 0, 23, 0, 0
December 0039, 111, 0, 0, 23, 0, 0
January 0040, 111, 0, 0, 24, 0, 0
February 0040, 111, 0, 0, 24, 0, 0
March 0040, 110, 0, 1, 24, 0, 0
April 0040, 111, 1, 0, 23, 0, 0
May 0040, 111, 0, 0, 24, 0, 0
June 0040, 111, 0, 0, 24, 0, 0
July 0040, 111, 0, 0, 24, 0, 1
August 0040, 111, 0, 0, 24, 0, 0
September 0040, 111, 0, 0, 24, 0, 0
October 0040, 109, 0, 2, 24, 1, 1
November 0040, 109, 0, 0, 24, 0, 0
December 0040, 109, 0, 0, 24, 1, 0
January 0041, 109, 0, 0, 24, 0, 0
February 0041, 109, 0, 0, 24, 0, 0
March 0041, 109, 0, 0, 24, 0, 1
April 0041, 108, 0, 1, 24, 0, 0
May 0041, 108, 0, 0, 25, 1, 0
June 0041, 108, 0, 0, 25, 0, 0
July 0041, 109, 1, 0, 25, 0, 1
August 0041, 109, 0, 0, 25, 0, 0
September 0041, 110, 1, 0, 24, 1, 0
October 0041, 110, 0, 0, 25, 0, 0
November 0041, 110, 0, 0, 25, 0, 0
December 0041, 110, 0, 0, 25, 0, 0
January 0042, 110, 0, 0, 25, 0, 0
February 0042, 111, 1, 0, 25, 0, 1
March 0042, 111, 0, 0, 25, 0, 0
April 0042, 111, 0, 0, 25, 1, 1
May 0042, 111, 0, 0, 25, 0, 0
June 0042, 112, 1, 0, 25, 0, 0
July 0042, 112, 0, 0, 25, 0, 0
August 0042, 112, 0, 0, 25, 1, 0
September 0042, 112, 0, 0, 25, 0, 0
October 0042, 112, 0, 0, 25, 0, 1
November 0042, 112, 0, 0, 25, 1, 0
December 0042, 112, 0, 0, 25, 1, 1
January 0043, 113, 1, 0, 25, 0, 0
February 0043, 113, 0, 0, 25, 0, 0
March 0043, 113, 0, 0, 25, 0, 0
April 0043, 113, 0, 0, 25, 0, 0
May 0043, 114, 1, 0, 25, 0, 0
June 0043, 114, 0, 0, 25, 0, 0
July 0043, 114, 0, 0, 25, 0, 0
August 0043, 115, 1, 0, 25, 0, 1
September 0043, 116, 1, 0, 25, 0, 0
October 0043, 116, 0, 0, 25, 1, 1
November 0043, 116, 0, 0, 25, 0, 0
December 0043, 116, 0, 0, 25, 1, 0
January 0044, 116, 0, 0, 25, 0, 0
February 0044, 116, 0, 0, 26, 0, 0
March 0044, 116, 0, 0, 26, 0, 0
April 0044, 116, 0, 0, 26, 0, 0
May 0044, 115, 0, 1, 26, 1, 1
June 0044, 114, 0, 1, 26, 0, 0
July 0044, 115, 1, 0, 26, 0, 0
August 0044, 115, 0, 0, 26, 1, 1
September 0044, 116, 1, 0, 26, 0, 0
October 0044, 116, 0, 0, 26, 0, 0
November 0044, 116, 0, 0, 26, 0, 0
December 0044, 116, 0, 0, 26, 0, 0
January 0045, 116, 0, 0, 26, 0, 0
February 0045, 117, 1, 0, 26, 0, 1
March 0045, 117, 0, 0, 26, 1, 0
April 0045, 117, 0, 0, 26, 0, 1
May 0045, 118, 1, 0, 26, 1, 1
June 0045, 118, 0, 0, 26, 1, 0
July 0045, 118, 0, 0, 26, 0, 0
August 0045, 118, 0, 0, 26, 0, 0
September 0045, 118, 0, 0, 26, 0, 0
October 0045, 118, 0, 0, 26, 0, 1
November 0045, 118, 0, 0, 27, 0, 0
December 0045, 119, 1, 0, 26, 1, 0
January 0046, 119, 0, 0, 26, 0, 0
February 0046, 120, 1, 0, 26, 0, 1
March 0046, 120, 0, 0, 26, 0, 0
April 0046, 120, 0, 0, 26, 1, 0
May 0046, 120, 0, 0, 27, 0, 0
June 0046, 120, 0, 0, 27, 0, 0
July 0046, 120, 0, 0, 27, 0, 0
August 0046, 120, 0, 0, 27, 0, 0
September 0046, 121, 1, 0, 27, 0, 0
October 0046, 121, 0, 0, 27, 0, 0
November 0046, 121, 0, 0, 27, 0, 1
December 0046, 121, 0, 0, 27, 0, 0
January 0047, 122, 1, 0, 27, 0, 0
February 0047, 122, 0, 0, 27, 1, 0
March 0047, 122, 0, 0, 27, 0, 0
April 0047, 122, 0, 0, 27, 0, 0
May 0047, 122, 0, 0, 27, 0, 0
June 0047, 122, 0, 0, 27, 0, 0
July 0047, 122, 0, 0, 27, 0, 0
August 0047, 122, 0, 0, 27, 0, 0
September 0047, 122, 0, 0, 27, 0, 0
October 0047, 121, 0, 1, 28, 0, 0
November 0047, 122, 1, 0, 28, 0, 0
December 0047, 122, 0, 0, 28, 0, 0
January 0048, 122, 0, 0, 28, 0, 0
February 0048, 121, 0, 1, 28, 0, 0
March 0048, 121, 0, 0, 28, 0, 0
April 0048, 121, 0, 0, 28, 0, 0
May 0048, 121, 0, 0, 28, 0, 1
June 0048, 121, 0, 0, 28, 1, 0
July 0048, 121, 0, 0, 28, 0, 0
August 0048, 121, 0, 0, 28, 0, 0
September 0048, 121, 0, 0, 28, 0, 0
October 0048, 121, 0, 0, 29, 0, 0
November 0048, 121, 0, 0, 29, 0, 0
December 0048, 121, 0, 0, 29, 0, 0
January 0049, 121, 0, 0, 29, 0, 0
February 0049, 121, 0, 0, 29, 0, 1
March 0049, 122, 1, 0, 29, 1, 0
April 0049, 122, 0, 0, 29, 0, 0
May 0049, 122, 0, 0, 29, 0, 0
June 0049, 122, 0, 0, 29, 0, 0
July 0049, 122, 0, 0, 29, 0, 0
August 0049, 122, 0, 0, 29, 0, 0
September 0049, 122, 0, 0, 29, 0, 0
October 0049, 121, 0, 1, 29, 0, 0
November 0049, 121, 0, 0, 29, 0, 1
December 0049, 122, 1, 0, 29, 1, 0
January 0050, 121, 0, 1, 29, 0, 0
February 0050, 121, 0, 0, 29, 0, 1
March 0050, 121, 0, 0, 29, 0, 0
April 0050, 121, 0, 0, 29, 0, 0
May 0050, 121, 0, 0, 30, 1, 0
June 0050, 121, 0, 0, 30, 0, 1
July 0050, 121, 0, 0, 30, 0, 0
August 0050, 121, 0, 0, 30, 1, 1
September 0050, 122, 1, 0, 30, 0, 0
October 0050, 122, 0, 0, 30, 0, 0
November 0050, 122, 0, 0, 30, 1, 0
December 0050, 122, 0, 0, 30, 0, 0
January 0051, 122, 0, 0, 30, 0, 0
February 0051, 123, 1, 0, 30, 0, 0
March 0051, 123, 0, 0, 30, 0, 0
April 0051, 123, 0, 0, 30, 0, 0
May 0051, 124, 1, 0, 30, 0, 0
June 0051, 124, 0, 0, 30, 0, 0
July 0051, 124, 0, 0, 30, 0, 0
August 0051, 125, 1, 0, 30, 0, 0
September 0051, 125, 0, 0, 30, 0, 0
October 0051, 125, 0, 0, 30, 0, 0
November 0051, 125, 0, 0, 30, 0, 1
December 0051, 125, 0, 0, 30, 1, 0
January 0052, 125, 0, 0, 30, 0, 0
February 0052, 124, 0, 1, 30, 0, 0
March 0052, 124, 0, 0, 30, 0, 0
April 0052, 124, 0, 0, 31, 0, 0
May 0052, 124, 0, 0, 31, 0, 0
June 0052, 124, 0, 0, 31, 0, 0
July 0052, 124, 0, 0, 31, 0, 0
August 0052, 124, 0, 0, 31, 0, 0
September 0052, 125, 1, 0, 31, 0, 0
October 0052, 125, 0, 0, 31, 0, 0
November 0052, 125, 0, 0, 31, 0, 0
December 0052, 125, 0, 0, 31, 1, 1
January 0053, 125, 0, 0, 31, 0, 0
February 0053, 125, 0, 0, 31, 0, 0
March 0053, 125, 0, 0, 31, 0, 0
April 0053, 125, 0, 0, 31, 0, 0
May 0053, 125, 0, 0, 31, 0, 0
June 0053, 125, 0, 0, 31, 0, 0
July 0053, 125, 0, 0, 32, 0, 0
August 0053, 125, 0, 0, 32, 0, 0
September 0053, 126, 1, 0, 31, 0, 0
October 0053, 126, 0, 0, 32, 0, 0
November 0053, 126, 0, 0, 32, 0, 0
December 0053, 126, 0, 0, 32, 0, 0
January 0054, 126, 0, 0, 32, 0, 1
February 0054, 126, 0, 0, 32, 0, 0
March 0054, 126, 0, 0, 32, 1, 0
April 0054, 126, 0, 0, 32, 0, 0
May 0054, 126, 0, 0, 32, 0, 0
June 0054, 126, 0, 0, 32, 0, 0
July 0054, 126, 0, 0, 32, 0, 0
August 0054, 126, 0, 0, 32, 0, 0
September 0054, 126, 0, 0, 32, 0, 0
October 0054, 126, 0, 0, 33, 0, 0
November 0054, 126, 0, 0, 33, 0, 0
December 0054, 127, 1, 0, 32, 0, 0
January 0055, 127, 0, 0, 33, 0, 0
February 0055, 127, 0, 0, 33, 0, 0
March 0055, 126, 0, 1, 33, 0, 0
April 0055, 126, 0, 0, 33, 0, 0
May 0055, 126, 0, 0, 33, 0, 0
June 0055, 126, 0, 0, 33, 0, 0
July 0055, 125, 0, 1, 33, 0, 0
August 0055, 125, 0, 0, 33, 0, 0
September 0055, 125, 0, 0, 33, 0, 0
October 0055, 125, 0, 0, 33, 0, 0
November 0055, 125, 0, 0, 33, 0, 0
December 0055, 124, 0, 1, 33, 0, 0
January 0056, 124, 0, 0, 34, 0, 0
February 0056, 124, 0, 0, 34, 0, 0
March 0056, 124, 0, 0, 34, 0, 0
April 0056, 124, 0, 0, 34, 0, 0
May 0056, 124, 0, 0, 34, 0, 0
June 0056, 124, 0, 0, 34, 0, 0
July 0056, 124, 0, 0, 34, 0, 0
August 0056, 124, 0, 0, 34, 0, 0
September 0056, 124, 0, 0, 34, 0, 0
October 0056, 124, 0, 0, 34, 0, 0
November 0056, 124, 0, 0, 34, 0, 0
December 0056, 124, 0, 0, 34, 0, 0
January 0057, 124, 0, 0, 35, 0, 1
February 0057, 124, 0, 0, 35, 1, 0
March 0057, 124, 0, 0, 35, 0, 1
April 0057, 124, 0, 0, 35, 0, 0
May 0057, 124, 0, 0, 35, 0, 0
June 0057, 124, 0, 0, 35, 0, 0
July 0057, 124, 0, 0, 35, 1, 0
August 0057, 124, 0, 0, 35, 0, 1
September 0057, 124, 0, 0, 35, 1, 0
October 0057, 124, 0, 0, 35, 0, 0
November 0057, 123, 0, 1, 36, 0, 0
December 0057, 123, 0, 0, 36, 0, 1
January 0058, 123, 0, 0, 36, 0, 0
February 0058, 123, 0, 0, 36, 1, 0
March 0058, 123, 0, 0, 36, 0, 0
April 0058, 123, 0, 0, 36, 0, 0
May 0058, 123, 0, 0, 36, 0, 0
June 0058, 124, 1, 0, 36, 0, 0
July 0058, 122, 0, 2, 36, 0, 1
August 0058, 122, 0, 0, 36, 0, 0
September 0058, 122, 0, 0, 36, 1, 0
October 0058, 122, 0, 0, 36, 0, 1
November 0058, 123, 1, 0, 36, 1, 0
December 0058, 123, 0, 0, 36, 0, 0
January 0059, 123, 0, 0, 36, 0, 0
February 0059, 123, 0, 0, 36, 0, 0
March 0059, 123, 0, 0, 36, 0, 0
April 0059, 123, 0, 0, 36, 0, 0
May 0059, 123, 0, 0, 36, 0, 0
June 0059, 123, 0, 0, 37, 0, 0
July 0059, 123, 0, 0, 37, 0, 0
August 0059, 123, 0, 0, 37, 0, 0
September 0059, 123, 0, 0, 37, 0, 0
October 0059, 123, 0, 0, 37, 0, 0
November 0059, 123, 0, 0, 37, 0, 0
December 0059, 123, 0, 0, 37, 0, 0
January 0060, 123, 0, 0, 37, 0, 1
February 0060, 123, 0, 0, 37, 0, 0
March 0060, 123, 0, 0, 37, 0, 1
April 0060, 123, 0, 0, 37, 1, 0
May 0060, 123, 0, 0, 37, 0, 0
June 0060, 122, 0, 1, 37, 0, 0
July 0060, 122, 0, 0, 38, 0, 0
August 0060, 122, 0, 0, 38, 0, 1
September 0060, 122, 0, 0, 38, 0, 0
October 0060, 122, 0, 0, 38, 0, 0
November 0060, 121, 0, 1, 38, 1, 1
December 0060, 121, 0, 0, 38, 0, 0
January 0061, 122, 1, 0, 38, 1, 0
February 0061, 122, 0, 0, 38, 0, 0
March 0061, 122, 0, 0, 38, 0, 0
April 0061, 122, 0, 0, 38, 0, 0
May 0061, 122, 0, 0, 38, 0, 0
June 0061, 122, 0, 0, 38, 0, 1
July 0061, 122, 0, 0, 38, 0, 0
August 0061, 123, 1, 0, 38, 1, 1
September 0061, 123, 0, 0, 38, 1, 0
October 0061, 124, 1, 0, 38, 0, 0
November 0061, 124, 0, 0, 38, 0, 0
December 0061, 124, 0, 0, 38, 0, 0
January 0062, 124, 0, 0, 38, 0, 0
February 0062, 124, 0, 0, 38, 0, 0
March 0062, 123, 0, 1, 38, 0, 0
April 0062, 123, 0, 0, 38, 0, 0
May 0062, 124, 1, 0, 38, 0, 0
June 0062, 125, 1, 0, 38, 0, 0
July 0062, 124, 0, 1, 38, 0, 1
August 0062, 124, 0, 0, 38, 0, 0
September 0062, 124, 0, 0, 38, 1, 0
October 0062, 124, 0, 0, 38, 0, 0
November 0062, 124, 0, 0, 38, 0, 0
December 0062, 124, 0, 0, 38, 0, 0
January 0063, 124, 0, 0, 38, 0, 0
February 0063, 124, 0, 0, 38, 0, 0
March 0063, 124, 0, 0, 39, 0, 0
April 0063, 124, 0, 0, 39, 0, 0
May 0063, 124, 0, 0, 39, 0, 0
June 0063, 125, 1, 0, 38, 0, 0
July 0063, 125, 0, 0, 39, 0, 0
August 0063, 125, 0, 0, 39, 0, 0
September 0063, 125, 0, 0, 39, 0, 0
October 0063, 125, 0, 0, 39, 0, 0
November 0063, 125, 0, 0, 39, 0, 0
December 0063, 125, 0, 0, 39, 0, 0
January 0064, 125, 0, 0, 39, 0, 0
February 0064, 125, 0, 0, 39, 0, 0
March 0064, 125, 0, 0, 39, 0, 0
April 0064, 125, 0, 0, 39, 0, 0
May 0064, 125, 0, 0, 39, 0, 0
June 0064, 125, 0, 0, 39, 0, 0
July 0064, 125, 0, 0, 40, 0, 0
August 0064, 125, 0, 0, 40, 0, 0
September 0064, 125, 0, 0, 40, 0, 1
October 0064, 125, 0, 0, 40, 0, 0
November 0064, 125, 0, 0, 40, 0, 0
December 0064, 125, 0, 0, 40, 1, 0
January 0065, 125, 0, 0, 40, 0, 0
February 0065, 125, 0, 0, 40, 0, 0
March 0065, 125, 0, 0, 40, 0, 0
April 0065, 124, 0, 1, 40, 0, 0
May 0065, 124, 0, 0, 40, 0, 0
June 0065, 124, 0, 0, 40, 0, 0
July 0065, 124, 0, 0, 40, 0, 0
August 0065, 124, 0, 0, 40, 0, 0
September 0065, 125, 1, 0, 40, 0, 0
October 0065, 124, 0, 1, 40, 0, 0
November 0065, 124, 0, 0, 40, 0, 0
December 0065, 123, 0, 1, 40, 0, 0
January 0066, 123, 0, 0, 40, 0, 0
February 0066, 123, 0, 0, 40, 0, 0
March 0066, 123, 0, 0, 41, 0, 1
April 0066, 123, 0, 0, 41, 0, 0
May 0066, 123, 0, 0, 41, 1, 0
June 0066, 123, 0, 0, 41, 0, 0
July 0066, 123, 0, 0, 41, 0, 0
August 0066, 123, 0, 0, 41, 0, 1
September 0066, 123, 0, 0, 41, 0, 0
October 0066, 123, 0, 0, 41, 1, 0
November 0066, 123, 0, 0, 41, 0, 1
December 0066, 123, 0, 0, 41, 0, 0
January 0067, 123, 0, 0, 41, 1, 0
February 0067, 124, 1, 0, 41, 0, 1
March 0067, 123, 0, 1, 42, 0, 0
April 0067, 122, 0, 1, 42, 1, 0
May 0067, 122, 0, 0, 42, 0, 0
June 0067, 122, 0, 0, 42, 0, 0
July 0067, 123, 1, 0, 42, 0, 0
August 0067, 123, 0, 0, 42, 0, 0
September 0067, 123, 0, 0, 42, 0, 0
October 0067, 123, 0, 0, 42, 0, 0
November 0067, 123, 0, 0, 42, 0, 0
December 0067, 123, 0, 0, 42, 0, 0
January 0068, 124, 1, 0, 42, 0, 0
February 0068, 124, 0, 0, 42, 0, 0
March 0068, 124, 0, 0, 42, 0, 0
April 0068, 124, 0, 0, 42, 0, 0
May 0068, 124, 0, 0, 42, 0, 0
June 0068, 124, 0, 0, 42, 0, 0
July 0068, 124, 0, 0, 42, 0, 0
August 0068, 124, 0, 0, 43, 0, 0
September 0068, 124, 0, 0, 43, 0, 0
October 0068, 124, 0, 0, 43, 0, 0
November 0068, 124, 0, 0, 43, 0, 0
December 0068, 124, 0, 0, 43, 0, 0
January 0069, 124, 0, 0, 43, 0, 0
February 0069, 124, 0, 0, 43, 0, 0
March 0069, 124, 0, 0, 43, 0, 1
April 0069, 124, 0, 0, 43, 1, 0
May 0069, 124, 0, 0, 43, 0, 0
June 0069, 124, 0, 0, 43, 0, 0
July 0069, 124, 0, 0, 43, 0, 0
August 0069, 124, 0, 0, 44, 0, 0
September 0069, 124, 0, 0, 44, 0, 0
October 0069, 124, 0, 0, 44, 0, 0
November 0069, 124, 0, 0, 44, 0, 0
December 0069, 124, 0, 0, 44, 0, 0
January 0070, 125, 1, 0, 44, 0, 0
February 0070, 125, 0, 0, 44, 0, 0
March 0070, 125, 0, 0, 44, 0, 0
April 0070, 125, 0, 0, 44, 0, 0
May 0070, 125, 0, 0, 44, 0, 0
June 0070, 125, 0, 0, 44, 0, 0
July 0070, 124, 0, 1, 44, 0, 0
August 0070, 124, 0, 0, 44, 0, 0
September 0070, 124, 0, 0, 44, 0, 0
October 0070, 124, 0, 0, 44, 0, 0
November 0070, 124, 0, 0, 44, 0, 0
December 0070, 124, 0, 0, 44, 0, 0
January 0071, 124, 0, 0, 44, 0, 0
February 0071, 124, 0, 0, 44, 0, 0
March 0071, 124, 0, 0, 45, 0, 0
April 0071, 124, 0, 0, 45, 0, 0
May 0071, 124, 0, 0, 45, 0, 0
June 0071, 123, 0, 1, 45, 0, 0
July 0071, 123, 0, 0, 45, 0, 0
August 0071, 122, 0, 1, 45, 0, 0
September 0071, 122, 0, 0, 45, 0, 0
October 0071, 122, 0, 0, 46, 0, 0
November 0071, 122, 0, 0, 46, 0, 0
December 0071, 122, 0, 0, 46, 0, 0
January 0072, 122, 0, 0, 46, 0, 0
February 0072, 122, 0, 0, 46, 0, 0
March 0072, 122, 0, 0, 46, 0, 0
April 0072, 122, 0, 0, 46, 0, 0
May 0072, 122, 0, 0, 46, 0, 0
June 0072, 122, 0, 0, 46, 0, 0
July 0072, 122, 0, 0, 46, 0, 0
August 0072, 121, 0, 1, 47, 0, 0
September 0072, 121, 0, 0, 47, 0, 0
October 0072, 121, 0, 0, 47, 0, 0
November 0072, 121, 0, 0, 47, 0, 0
December 0072, 121, 0, 0, 47, 0, 0
January 0073, 121, 0, 0, 47, 0, 0
February 0073, 121, 0, 0, 47, 0, 0
March 0073, 121, 0, 0, 47, 0, 0
April 0073, 121, 0, 0, 47, 0, 0
May 0073, 121, 0, 0, 47, 0, 0
June 0073, 121, 0, 0, 47, 0, 0
July 0073, 121, 0, 0, 47, 0, 0
August 0073, 121, 0, 0, 48, 0, 0
September 0073, 121, 0, 0, 48, 0, 0
October 0073, 121, 0, 0, 48, 0, 0
November 0073, 121, 0, 0, 48, 0, 0
December 0073, 121, 0, 0, 48, 1, 1
January 0074, 121, 0, 0, 48, 0, 0
February 0074, 120, 0, 1, 48, 0, 0
March 0074, 120, 0, 0, 48, 0, 0
April 0074, 120, 0, 0, 48, 0, 0
May 0074, 119, 0, 1, 48, 0, 1
June 0074, 119, 0, 0, 48, 0, 0
July 0074, 119, 0, 0, 48, 1, 0
August 0074, 119, 0, 0, 48, 0, 0
September 0074, 120, 1, 0, 48, 0, 0
October 0074, 120, 0, 0, 48, 0, 0
November 0074, 120, 0, 0, 48, 0, 0
December 0074, 120, 0, 0, 48, 0, 0
January 0075, 120, 0, 0, 48, 0, 0
February 0075, 119, 0, 1, 48, 0, 0
March 0075, 119, 0, 0, 48, 0, 0
April 0075, 120, 1, 0, 48, 0, 0
May 0075, 120, 0, 0, 48, 0, 0
June 0075, 120, 0, 0, 48, 0, 0
July 0075, 119, 0, 1, 48, 0, 0
August 0075, 119, 0, 0, 48, 0, 0
September 0075, 119, 0, 0, 48, 0, 0
October 0075, 119, 0, 0, 48, 0, 0
November 0075, 119, 0, 0, 48, 0, 0
December 0075, 119, 0, 0, 48, 0, 0
January 0076, 119, 0, 0, 48, 0, 0
February 0076, 119, 0, 0, 48, 0, 0
March 0076, 119, 0, 0, 48, 0, 0
April 0076, 119, 0, 0, 48, 0, 0
May 0076, 119, 0, 0, 48, 0, 0
June 0076, 119, 0, 0, 48, 0, 0
July 0076, 119, 0, 0, 49, 0, 0
August 0076, 119, 0, 0, 49, 0, 0
September 0076, 119, 0, 0, 49, 0, 0
October 0076, 119, 0, 0, 49, 0, 0
November 0076, 119, 0, 0, 49, 0, 0
December 0076, 118, 0, 1, 49, 0, 0
January 0077, 118, 0, 0, 49, 0, 0
February 0077, 118, 0, 0, 49, 0, 1
March 0077, 118, 0, 0, 49, 0, 0
April 0077, 118, 0, 0, 49, 0, 0
May 0077, 118, 0, 0, 50, 1, 0
June 0077, 118, 0, 0, 50, 0, 0
July 0077, 118, 0, 0, 50, 0, 0
August 0077, 118, 0, 0, 50, 0, 0
September 0077, 118, 0, 0, 50, 0, 0
October 0077, 118, 0, 0, 50, 0, 0
November 0077, 117, 0, 1, 50, 0, 1
December 0077, 117, 0, 0, 50, 0, 1
January 0078, 117, 0, 0, 50, 1, 0
February 0078, 118, 1, 0, 50, 1, 0
March 0078, 118, 0, 0, 50, 0, 0
April 0078, 118, 0, 0, 50, 0, 0
May 0078, 118, 0, 0, 50, 0, 0
June 0078, 118, 0, 0, 50, 0, 0
July 0078, 118, 0, 0, 50, 0, 0
August 0078, 118, 0, 0, 50, 0, 0
September 0078, 118, 0, 0, 50, 0, 0
October 0078, 118, 0, 0, 51, 0, 0
November 0078, 119, 1, 0, 50, 0, 0
December 0078, 119, 0, 0, 50, 0, 0
January 0079, 119, 0, 0, 50, 0, 0
February 0079, 119, 0, 0, 50, 0, 0
March 0079, 119, 0, 0, 51, 0, 0
April 0079, 119, 0, 0, 51, 0, 0
May 0079, 119, 0, 0, 51, 0, 0
June 0079, 119, 0, 0, 51, 0, 0
July 0079, 119, 0, 0, 51, 0, 0
August 0079, 119, 0, 0, 51, 0, 0
September 0079, 119, 0, 0, 51, 0, 0
October 0079, 119, 0, 0, 51, 0, 0
November 0079, 119, 0, 0, 51, 0, 0
December 0079, 119, 0, 0, 51, 0, 0
January 0080, 118, 0, 1, 52, 0, 0
February 0080, 118, 0, 0, 52, 0, 0
March 0080, 118, 0, 0, 52, 0, 0
April 0080, 118, 0, 0, 52, 0, 0
May 0080, 118, 0, 0, 52, 0, 0
June 0080, 118, 0, 0, 52, 0, 0
July 0080, 118, 0, 0, 52, 0, 0
August 0080, 118, 0, 0, 52, 0, 0
September 0080, 118, 0, 0, 52, 0, 0
October 0080, 118, 0, 0, 52, 0, 0
November 0080, 118, 0, 0, 52, 0, 0
December 0080, 118, 0, 0, 53, 0, 0
January 0081, 118, 0, 0, 53, 0, 0
February 0081, 118, 0, 0, 53, 0, 1
March 0081, 118, 0, 0, 53, 1, 0
April 0081, 118, 0, 0, 53, 0, 0
May 0081, 118, 0, 0, 53, 0, 0
June 0081, 118, 0, 0, 53, 0, 0
July 0081, 118, 0, 0, 53, 0, 0
August 0081, 118, 0, 0, 53, 0, 0
September 0081, 118, 0, 0, 53, 0, 0
October 0081, 117, 0, 1, 54, 0, 0
November 0081, 117, 0, 0, 54, 0, 0
December 0081, 118, 1, 0, 53, 0, 0
January 0082, 117, 0, 1, 53, 0, 0
February 0082, 117, 0, 0, 53, 0, 0
March 0082, 117, 0, 0, 53, 0, 0
April 0082, 117, 0, 0, 54, 0, 0
May 0082, 117, 0, 0, 54, 0, 0
June 0082, 117, 0, 0, 54, 0, 0
July 0082, 116, 0, 1, 54, 0, 0
August 0082, 116, 0, 0, 54, 0, 0
September 0082, 116, 0, 0, 54, 0, 0
October 0082, 116, 0, 0, 54, 0, 0
November 0082, 115, 0, 1, 54, 0, 0
December 0082, 115, 0, 0, 54, 0, 0
January 0083, 115, 0, 0, 54, 1, 1
February 0083, 115, 0, 0, 54, 0, 0
March 0083, 115, 0, 0, 54, 0, 0
April 0083, 115, 0, 0, 54, 0, 0
May 0083, 115, 0, 0, 55, 0, 0
June 0083, 115, 0, 0, 55, 0, 0
July 0083, 115, 0, 0, 55, 0, 0
August 0083, 115, 0, 0, 55, 0, 0
September 0083, 115, 0, 0, 55, 0, 0
October 0083, 116, 1, 0, 55, 0, 0
November 0083, 116, 0, 0, 55, 0, 0
December 0083, 116, 0, 0, 55, 0, 0
January 0084, 116, 0, 0, 55, 0, 0
February 0084, 116, 0, 0, 55, 0, 0
March 0084, 116, 0, 0, 55, 0, 0
April 0084, 116, 0, 0, 55, 0, 0
May 0084, 116, 0, 0, 55, 0, 0
June 0084, 116, 0, 0, 55, 0, 0
July 0084, 116, 0, 0, 55, 0, 0
August 0084, 116, 0, 0, 55, 0, 0
September 0084, 116, 0, 0, 55, 0, 0
October 0084, 116, 0, 0, 56, 0, 0
November 0084, 116, 0, 0, 56, 0, 0
December 0084, 116, 0, 0, 56, 0, 0
January 0085, 116, 0, 0, 56, 0, 0
February 0085, 116, 0, 0, 56, 0, 0
March 0085, 116, 0, 0, 56, 0, 0
April 0085, 116, 0, 0, 56, 0, 0
May 0085, 116, 0, 0, 56, 0, 0
June 0085, 116, 0, 0, 56, 0, 0
July 0085, 116, 0, 0, 56, 0, 1
August 0085, 116, 0, 0, 56, 1, 0
September 0085, 116, 0, 0, 56, 0, 0
October 0085, 116, 0, 0, 57, 0, 0
November 0085, 116, 0, 0, 57, 0, 0
December 0085, 116, 0, 0, 57, 0, 0
January 0086, 116, 0, 0, 57, 0, 0
February 0086, 116, 0, 0, 57, 0, 0
March 0086, 116, 0, 0, 57, 0, 0
April 0086, 116, 0, 0, 57, 0, 0
May 0086, 117, 1, 0, 57, 0, 0
June 0086, 117, 0, 0, 57, 0, 0
July 0086, 117, 0, 0, 57, 0, 0
August 0086, 117, 0, 0, 57, 0, 0
September 0086, 117, 0, 0, 57, 0, 0
October 0086, 117, 0, 0, 57, 0, 0
November 0086, 117, 0, 0, 57, 0, 0
December 0086, 117, 0, 0, 57, 0, 0
January 0087, 117, 0, 0, 57, 0, 0
February 0087, 117, 0, 0, 57, 0, 0
March 0087, 117, 0, 0, 57, 0, 0
April 0087, 117, 0, 0, 58, 0, 0
May 0087, 116, 0, 1, 58, 0, 0
June 0087, 116, 0, 0, 58, 0, 0
July 0087, 116, 0, 0, 58, 0, 0
August 0087, 116, 0, 0, 58, 0, 0
September 0087, 115, 0, 1, 58, 0, 0
October 0087, 115, 0, 0, 58, 0, 0
November 0087, 115, 0, 0, 58, 0, 0
December 0087, 115, 0, 0, 58, 0, 0
January 0088, 115, 0, 0, 58, 0, 0
February 0088, 114, 0, 1, 59, 0, 0
March 0088, 114, 0, 0, 59, 0, 0
April 0088, 114, 0, 0, 59, 0, 0
May 0088, 114, 0, 0, 59, 0, 0
June 0088, 114, 0, 0, 59, 0, 0
July 0088, 114, 0, 0, 59, 0, 0
August 0088, 114, 0, 0, 59, 0, 0
September 0088, 114, 0, 0, 59, 0, 0
October 0088, 114, 0, 0, 59, 0, 0
November 0088, 114, 0, 0, 59, 0, 0
December 0088, 113, 0, 1, 60, 0, 0
January 0089, 113, 0, 0, 60, 0, 0
February 0089, 113, 0, 0, 60, 0, 0
March 0089, 113, 0, 0, 60, 0, 0
April 0089, 113, 0, 0, 60, 0, 0
May 0089, 113, 0, 0, 60, 0, 0
June 0089, 113, 0, 0, 60, 0, 0
July 0089, 113, 0, 0, 60, 0, 0
August 0089, 113, 0, 0, 60, 0, 0
September 0089, 113, 0, 0, 61, 0, 0
October 0089, 113, 0, 0, 61, 0, 0
November 0089, 113, 0, 0, 61, 0, 0
December 0089, 113, 0, 0, 61, 0, 0
January 0090, 113, 0, 0, 61, 0, 0
February 0090, 113, 0, 0, 61, 0, 0
March 0090, 113, 0, 0, 61, 0, 1
April 0090, 113, 0, 0, 61, 1, 0
May 0090, 113, 0, 0, 61, 0, 0
June 0090, 113, 0, 0, 61, 0, 0
July 0090, 113, 0, 0, 61, 0, 0
August 0090, 113, 0, 0, 61, 0, 0
September 0090, 113, 0, 0, 62, 0, 0
October 0090, 113, 0, 0, 62, 0, 1
November 0090, 113, 0, 0, 62, 0, 0
December 0090, 112, 0, 1, 62, 0, 0
January 0091, 113, 1, 0, 61, 1, 0
February 0091, 113, 0, 0, 62, 0, 0
March 0091, 113, 0, 0, 62, 0, 0
April 0091, 113, 0, 0, 62, 0, 0
May 0091, 113, 0, 0, 62, 0, 0
June 0091, 113, 0, 0, 62, 0, 0
July 0091, 113, 0, 0, 62, 0, 0
August 0091, 113, 0, 0, 62, 0, 0
September 0091, 113, 0, 0, 62, 0, 0
October 0091, 114, 1, 0, 62, 0, 0
November 0091, 114, 0, 0, 62, 0, 0
December 0091, 114, 0, 0, 62, 0, 0
January 0092, 114, 0, 0, 62, 0, 0
February 0092, 114, 0, 0, 62, 0, 0
March 0092, 114, 0, 0, 62, 0, 0
April 0092, 114, 0, 0, 62, 0, 0
May 0092, 114, 0, 0, 62, 0, 0
June 0092, 114, 0, 0, 62, 0, 0
July 0092, 114, 0, 0, 62, 0, 0
August 0092, 114, 0, 0, 63, 0, 0
September 0092, 114, 0, 0, 63, 0, 0
October 0092, 114, 0, 0, 63, 0, 0
November 0092, 114, 0, 0, 63, 0, 0
December 0092, 114, 0, 0, 63, 0, 0
January 0093, 114, 0, 0, 63, 0, 0
February 0093, 114, 0, 0, 63, 0, 0
March 0093, 114, 0, 0, 63, 0, 0
April 0093, 114, 0, 0, 63, 0, 0
May 0093, 113, 0, 1, 63, 0, 0
June 0093, 113, 0, 0, 64, 0, 0
July 0093, 113, 0, 0, 64, 0, 0
August 0093, 113, 0, 0, 64, 0, 0
September 0093, 113, 0, 0, 64, 0, 0
October 0093, 113, 0, 0, 64, 0, 0
November 0093, 113, 0, 0, 64, 0, 0
December 0093, 113, 0, 0, 64, 0, 0
January 0094, 113, 0, 0, 64, 0, 0
February 0094, 113, 0, 0, 64, 0, 0
March 0094, 113, 0, 0, 64, 0, 0
April 0094, 113, 0, 0, 64, 0, 0
May 0094, 113, 0, 0, 64, 0, 0
June 0094, 113, 0, 0, 65, 0, 0
July 0094, 113, 0, 0, 65, 0, 0
August 0094, 113, 0, 0, 65, 0, 0
September 0094, 113, 0, 0, 65, 0, 0
October 0094, 113, 0, 0, 65, 0, 0
November 0094, 113, 0, 0, 65, 0, 0
December 0094, 113, 0, 0, 65, 0, 0
January 0095, 113, 0, 0, 65, 0, 0
February 0095, 113, 0, 0, 65, 0, 0
March 0095, 112, 0, 1, 65, 0, 0
April 0095, 112, 0, 0, 65, 0, 0
May 0095, 112, 0, 0, 65, 0, 0
June 0095, 112, 0, 0, 66, 0, 0
July 0095, 112, 0, 0, 66, 0, 0
August 0095, 112, 0, 0, 66, 0, 0
September 0095, 111, 0, 1, 66, 0, 0
October 0095, 111, 0, 0, 66, 0, 0
November 0095, 111, 0, 0, 66, 0, 0
December 0095, 111, 0, 0, 66, 0, 0
January 0096, 111, 0, 0, 66, 0, 0
February 0096, 111, 0, 0, 66, 0, 0
March 0096, 110, 0, 1, 66, 0, 0
April 0096, 110, 0, 0, 66, 0, 0
May 0096, 110, 0, 0, 67, 0, 0
June 0096, 110, 0, 0, 67, 0, 0
July 0096, 110, 0, 0, 67, 0, 0
August 0096, 110, 0, 0, 67, 0, 0
September 0096, 110, 0, 0, 67, 0, 0
October 0096, 110, 0, 0, 67, 0, 0
November 0096, 110, 0, 0, 67, 0, 0
December 0096, 110, 0, 0, 67, 0, 0
January 0097, 110, 0, 0, 67, 0, 0
February 0097, 110, 0, 0, 67, 0, 0
March 0097, 110, 0, 0, 67, 0, 0
April 0097, 110, 0, 0, 67, 0, 0
May 0097, 110, 0, 0, 68, 0, 0
June 0097, 110, 0, 0, 68, 0, 1
July 0097, 110, 0, 0, 68, 0, 0
August 0097, 109, 0, 1, 68, 1, 0
September 0097, 109, 0, 0, 68, 0, 0
October 0097, 109, 0, 0, 68, 0, 0
November 0097, 109, 0, 0, 68, 0, 0
December 0097, 109, 0, 0, 68, 0, 0
January 0098, 109, 0, 0, 68, 0, 0
February 0098, 109, 0, 0, 68, 0, 0
March 0098, 109, 0, 0, 69, 0, 0
April 0098, 109, 0, 0, 69, 0, 0
May 0098, 110, 1, 0, 68, 0, 0
June 0098, 110, 0, 0, 68, 0, 0
July 0098, 110, 0, 0, 68, 0, 0
August 0098, 110, 0, 0, 68, 0, 0
September 0098, 110, 0, 0, 68, 0, 0
October 0098, 110, 0, 0, 69, 0, 0
November 0098, 110, 0, 0, 69, 0, 0
December 0098, 110, 0, 0, 69, 0, 0
January 0099, 110, 0, 0, 69, 0, 0
February 0099, 110, 0, 0, 69, 0, 0
March 0099, 110, 0, 0, 69, 0, 0
April 0099, 110, 0, 0, 69, 1, 1
May 0099, 110, 0, 0, 69, 0, 0
June 0099, 110, 0, 0, 69, 0, 0
July 0099, 110, 0, 0, 69, 0, 0
August 0099, 110, 0, 0, 69, 0, 0
September 0099, 110, 0, 0, 69, 0, 0
October 0099, 110, 0, 0, 70, 0, 0
November 0099, 110, 0, 0, 70, 0, 0
December 0099, 110, 0, 0, 70, 0, 0
January 0100, 111, 1, 0, 69, 0, 0
February 0100, 111, 0, 0, 69, 0, 0
March 0100, 111, 0, 0, 69, 0, 0
April 0100, 111, 0, 0, 69, 0, 0
May 0100, 111, 0, 0, 69, 0, 0
June 0100, 111, 0, 0, 69, 0, 0
July 0100, 111, 0, 0, 70, 0, 0
August 0100, 111, 0, 0, 70, 0, 0
September 0100, 111, 0, 0, 70, 0, 0
October 0100, 111, 0, 0, 70, 0, 0
November 0100, 111, 0, 0, 70, 0, 0
December 0100, 111, 0, 0, 70, 0, 0
January 0101, 110, 0, 1, 70, 0, 0
